1	4652007308841189376
10	4652007308841189376
12	4652007308841189376
14	4652007308841189376
16	4652007308841189376
18	4652007308841189376
21	4652007308841189376
23	4652007308841189376
25	4652007308841189376
27	4652007308841189376
29	4652007308841189376
3	4652007308841189376
30	4652007308841189376
32	4652007308841189376
34	4652007308841189376
36	4652007308841189376
38	4652007308841189376
41	4652007308841189376
43	4652007308841189376
45	4652007308841189376
47	4652007308841189376
49	4652007308841189376
5	4652007308841189376
50	4652007308841189376
52	4652007308841189376
54	4652007308841189376
56	4652007308841189376
58	4652007308841189376
61	4652007308841189376
63	4652007308841189376
65	4652007308841189376
67	4652007308841189376
69	4652007308841189376
7	4652007308841189376
70	4652007308841189376
72	4652007308841189376
74	4652007308841189376
76	4652007308841189376
78	4652007308841189376
81	4652007308841189376
83	4652007308841189376
85	4652007308841189376
87	4652007308841189376
89	4652007308841189376
9	4652007308841189376
90	4652007308841189376
92	4652007308841189376
94	4652007308841189376
96	4652007308841189376
98	4652007308841189376
