0	4652007308841189376
11	4652007308841189376
13	4652007308841189376
15	4652007308841189376
17	4652007308841189376
19	4652007308841189376
2	4652007308841189376
20	4652007308841189376
22	4652007308841189376
24	4652007308841189376
26	4652007308841189376
28	4652007308841189376
31	4652007308841189376
33	4652007308841189376
35	4652007308841189376
37	4652007308841189376
39	4652007308841189376
4	4652007308841189376
40	4652007308841189376
42	4652007308841189376
44	4652007308841189376
46	4652007308841189376
48	4652007308841189376
51	4652007308841189376
53	4652007308841189376
55	4652007308841189376
57	4652007308841189376
59	4652007308841189376
6	4652007308841189376
60	4652007308841189376
62	4652007308841189376
64	4652007308841189376
66	4652007308841189376
68	4652007308841189376
71	4652007308841189376
73	4652007308841189376
75	4652007308841189376
77	4652007308841189376
79	4652007308841189376
8	4652007308841189376
80	4652007308841189376
82	4652007308841189376
84	4652007308841189376
86	4652007308841189376
88	4652007308841189376
91	4652007308841189376
93	4652007308841189376
95	4652007308841189376
97	4652007308841189376
99	4652007308841189376
